-99 35.583465 -99 25.152936 26.570909 35.583465 31.32456 25.152936 3
-99 -99 -99 72.386517 54.80179 63.396914 63.152746 72.386517 1
55.531449 -99 -99 68.748229 55.531449 52.844078 63.21046 68.748229 1
62.33693 53.943875 58.756637 -99 62.33693 53.943875 58.756637 69.723784 1
46.162649 51.602441 51.221821 -99 46.162649 51.602441 51.221821 51.131984 1
51.339106 48.924134 -99 -99 51.339106 48.924134 45.441066 50.817271 1
30.341385 -99 41.08673 43.829553 30.341385 31.55881 41.08673 43.829553 3
45.881228 -99 50.191659 53.552496 45.881228 45.790003 50.191659 53.552496 3
37.818132 37.298739 44.005408 41.566018 37.818132 37.298739 44.005408 41.566018 3
-99 48.772188 -99 49.324669 36.49284 48.772188 44.167543 49.324669 3
-99 26.017677 30.185289 31.210995 34.702903 26.017677 30.185289 31.210995 3
-99 48.838751 -99 53.194515 40.897768 48.838751 43.806225 53.194515 3
46.488989 48.859471 -99 50.96298 46.488989 48.859471 54.776958 50.96298 2
46.526486 48.679765 48.496423 -99 46.526486 48.679765 48.496423 60.42949 2
43.591935 46.832049 61.228477 72.699642 43.591935 46.832049 61.228477 72.699642 2
31.439354 38.920632 45.631362 -99 31.439354 38.920632 45.631362 48.53295 2
33.229678 35.048764 40.912135 40.115831 33.229678 35.048764 40.912135 40.115831 3
45.565111 43.652615 47.655192 -99 45.565111 43.652615 47.655192 52.405618 3
50.686393 53.208645 65.610881 61.999696 50.686393 53.208645 65.610881 61.999696 1
39.52333 -99 48.864967 50.481019 39.52333 48.260125 48.864967 50.481019 3
-99 39.641985 46.560764 59.165198 37.396087 39.641985 46.560764 59.165198 3
55.039732 51.365242 50.412753 57.030615 55.039732 51.365242 50.412753 57.030615 3
-99 37.855989 -99 42.865929 42.66757 37.855989 49.559261 42.865929 2
-99 42.890579 48.03923 52.757289 44.987215 42.890579 48.03923 52.757289 2
40.252957 47.926253 51.390242 58.412489 40.252957 47.926253 51.390242 58.412489 1
-99 43.332361 46.502401 -99 45.506227 43.332361 46.502401 54.857221 2
44.443687 43.831209 48.975119 -99 44.443687 43.831209 48.975119 48.650224 2
31.785417 34.174072 -99 -99 31.785417 34.174072 26.344521 33.178506 3
49.767993 -99 47.469769 54.740144 49.767993 49.148685 47.469769 54.740144 1
31.29874 28.385671 26.630985 34.103046 31.29874 28.385671 26.630985 34.103046 2
32.367182 37.929181 37.847208 55.66034 32.367182 37.929181 37.847208 55.66034 3
57.72283 58.274871 57.036791 65.296595 57.72283 58.274871 57.036791 65.296595 2
38.869339 43.573676 44.799857 45.703451 38.869339 43.573676 44.799857 45.703451 1
42.189468 -99 46.298396 45.72223 42.189468 41.917019 46.298396 45.72223 2
35.118015 38.043604 36.283211 -99 35.118015 38.043604 36.283211 43.011095 3
49.174857 43.953441 44.838647 57.25963 49.174857 43.953441 44.838647 57.25963 2
33.416456 34.268757 36.098315 47.272621 33.416456 34.268757 36.098315 47.272621 3
51.461016 55.643519 61.664779 -99 51.461016 55.643519 61.664779 48.232749 1
44.242147 50.518917 -99 -99 44.242147 50.518917 57.983797 58.734571 1
30.50587 39.945041 40.241925 -99 30.50587 39.945041 40.241925 36.92425 3
55.869088 57.675448 65.29976 68.997561 55.869088 57.675448 65.29976 68.997561 1
45.113515 50.429639 -99 60.929789 45.113515 50.429639 60.889928 60.929789 2
-99 -99 -99 63.434567 38.396697 46.134219 57.777516 63.434567 3
52.677663 -99 54.268546 55.143034 52.677663 50.796764 54.268546 55.143034 1
-99 54.476484 61.957837 70.86834 52.646142 54.476484 61.957837 70.86834 1
-99 -99 51.72782 55.839099 45.138968 42.999928 51.72782 55.839099 2
33.481733 35.02918 36.975498 -99 33.481733 35.02918 36.975498 46.672734 3
50.857507 53.998878 53.308333 66.703237 50.857507 53.998878 53.308333 66.703237 1
47.294053 49.043803 62.065594 62.224197 47.294053 49.043803 62.065594 62.224197 2
-99 34.035046 49.351806 42.903826 40.150737 34.035046 49.351806 42.903826 1
54.93459 51.165162 52.483474 52.413796 54.93459 51.165162 52.483474 52.413796 1
51.093715 45.260621 45.5985 56.132329 51.093715 45.260621 45.5985 56.132329 1
-99 40.713695 42.605823 -99 44.200194 40.713695 42.605823 54.051374 1
41.672768 47.45427 48.281809 -99 41.672768 47.45427 48.281809 55.582152 2
44.327731 44.568704 58.928571 -99 44.327731 44.568704 58.928571 57.405123 3
49.902218 52.143782 55.180368 51.700146 49.902218 52.143782 55.180368 51.700146 1
34.356193 -99 -99 50.494786 34.356193 41.464651 46.58379 50.494786 3
45.32707 51.482279 -99 -99 45.32707 51.482279 50.885587 49.32626 3
42.716653 51.980194 52.994055 -99 42.716653 51.980194 52.994055 57.356784 2
33.119353 37.051097 -99 43.468731 33.119353 37.051097 44.465059 43.468731 3
-99 45.299583 53.948722 59.111296 40.824833 45.299583 53.948722 59.111296 2
-99 58.614626 50.146758 54.725252 46.827722 58.614626 50.146758 54.725252 2
-99 49.111136 63.582459 59.090393 51.187958 49.111136 63.582459 59.090393 1
53.194385 -99 49.221356 48.670614 53.194385 50.525362 49.221356 48.670614 1
52.045925 -99 53.867545 56.841868 52.045925 43.40959 53.867545 56.841868 1
57.864761 61.735938 -99 71.643736 57.864761 61.735938 67.268289 71.643736 2
62.842793 59.519963 69.61434 75.6898 62.842793 59.519963 69.61434 75.6898 1
-99 48.974695 60.899218 56.707277 50.411133 48.974695 60.899218 56.707277 1
33.586622 41.35188 31.989364 41.398221 33.586622 41.35188 31.989364 41.398221 3
39.466369 33.534463 -99 -99 39.466369 33.534463 46.053632 43.573914 2
-99 -99 49.974597 57.728652 40.486702 47.65897 49.974597 57.728652 2
40.447293 47.399414 -99 -99 40.447293 47.399414 43.25426 59.127461 2
27.037099 32.149551 44.105404 45.094819 27.037099 32.149551 44.105404 45.094819 3
52.821782 -99 61.863844 63.903472 52.821782 57.082735 61.863844 63.903472 1
39.039529 46.223756 46.481089 59.512317 39.039529 46.223756 46.481089 59.512317 2
38.856986 44.571866 -99 53.392631 38.856986 44.571866 50.541981 53.392631 1
33.747917 -99 52.506515 51.390658 33.747917 45.720503 52.506515 51.390658 1
38.533877 38.643718 45.068843 49.401863 38.533877 38.643718 45.068843 49.401863 3
31.852808 39.456457 42.193799 36.486499 31.852808 39.456457 42.193799 36.486499 2
53.58556 51.214348 61.948389 -99 53.58556 51.214348 61.948389 58.837106 2
45.536219 -99 45.618786 -99 45.536219 46.868027 45.618786 48.62907 2
50.470777 40.749786 43.735555 -99 50.470777 40.749786 43.735555 50.697825 3
-99 -99 49.465592 51.756394 43.568528 47.650232 49.465592 51.756394 3
-99 57.018053 52.823664 56.726121 49.977416 57.018053 52.823664 56.726121 1
37.676947 -99 -99 42.018622 37.676947 40.122265 45.61288 42.018622 3
40.257302 47.885478 55.621997 48.797805 40.257302 47.885478 55.621997 48.797805 2
-99 52.363774 59.007357 64.625305 50.427851 52.363774 59.007357 64.625305 1
43.978893 51.664039 40.99695 52.17513 43.978893 51.664039 40.99695 52.17513 1
44.302784 -99 55.499487 57.1511 44.302784 46.216168 55.499487 57.1511 2
34.356409 35.001049 -99 42.682839 34.356409 35.001049 32.460237 42.682839 3
48.348051 -99 58.390713 73.214912 48.348051 51.726543 58.390713 73.214912 2
39.938289 42.564578 50.443854 46.721931 39.938289 42.564578 50.443854 46.721931 2
-99 -99 50.611251 54.102249 45.174747 52.499299 50.611251 54.102249 2
52.514329 56.952755 49.925084 53.558242 52.514329 56.952755 49.925084 53.558242 1
39.764889 47.631083 41.112661 -99 39.764889 47.631083 41.112661 57.347176 3
-99 39.91587 48.983567 -99 40.782185 39.91587 48.983567 39.227526 2
34.085515 38.223687 46.141369 -99 34.085515 38.223687 46.141369 34.345695 3
49.509084 54.383032 52.57027 56.766621 49.509084 54.383032 52.57027 56.766621 2
53.084546 54.85713 55.879501 65.452886 53.084546 54.85713 55.879501 65.452886 2
32.91903 40.697655 43.748238 41.102852 32.91903 40.697655 43.748238 41.102852 3
29.397755 43.441722 46.648002 -99 29.397755 43.441722 46.648002 51.858571 3
43.773918 43.774484 39.646924 41.806566 43.773918 43.774484 39.646924 41.806566 2
37.794908 44.140368 48.289873 64.851046 37.794908 44.140368 48.289873 64.851046 2
32.131889 37.393444 -99 38.309926 32.131889 37.393444 36.499517 38.309926 3
-99 52.413064 46.610767 55.648062 47.184561 52.413064 46.610767 55.648062 2
41.144922 -99 53.855585 55.7445 41.144922 42.849555 53.855585 55.7445 2
55.047876 -99 62.100438 69.030903 55.047876 60.664346 62.100438 69.030903 1
33.807679 35.552859 37.407037 42.456487 33.807679 35.552859 37.407037 42.456487 3
-99 -99 46.844795 52.676147 42.307746 44.269943 46.844795 52.676147 2
29.3624 33.120472 32.777523 42.104943 29.3624 33.120472 32.777523 42.104943 3
-99 47.317852 50.171274 -99 45.177577 47.317852 50.171274 58.453891 2
33.113905 32.784719 42.016937 34.989943 33.113905 32.784719 42.016937 34.989943 3
50.07788 51.090788 -99 51.197234 50.07788 51.090788 61.566952 51.197234 1
54.74217 53.035974 60.814864 -99 54.74217 53.035974 60.814864 60.914043 1
-99 56.565554 -99 52.012137 54.080676 56.565554 54.106392 52.012137 1
-99 46.349988 58.303899 58.894522 40.414001 46.349988 58.303899 58.894522 2
26.745464 36.493782 50.216785 40.636311 26.745464 36.493782 50.216785 40.636311 3
37.312307 43.460413 45.313666 -99 37.312307 43.460413 45.313666 47.67865 3
-99 50.516302 49.664561 58.689155 42.797156 50.516302 49.664561 58.689155 1
37.374669 -99 41.735137 -99 37.374669 41.561099 41.735137 51.391722 3
37.68166 35.577445 40.973401 -99 37.68166 35.577445 40.973401 52.458967 3
53.477371 48.911264 61.303674 66.951314 53.477371 48.911264 61.303674 66.951314 2
41.527867 43.821917 -99 56.302048 41.527867 43.821917 57.99092 56.302048 3
38.903756 32.994261 39.070014 42.634332 38.903756 32.994261 39.070014 42.634332 3
43.52331 -99 45.827033 -99 43.52331 38.869808 45.827033 54.326089 2
47.039056 54.517282 54.190916 -99 47.039056 54.517282 54.190916 61.908731 1
54.337595 53.578108 58.917345 59.849139 54.337595 53.578108 58.917345 59.849139 1
31.066704 36.782979 -99 36.979135 31.066704 36.782979 40.36341 36.979135 3
43.260701 55.837346 54.343436 59.904863 43.260701 55.837346 54.343436 59.904863 1
46.311662 -99 48.30923 58.631693 46.311662 46.273171 48.30923 58.631693 2
38.328148 -99 31.830164 -99 38.328148 27.76739 31.830164 43.198963 3
36.019586 -99 40.103312 51.539249 36.019586 38.093062 40.103312 51.539249 3
-99 -99 46.398712 56.208868 40.079216 37.933235 46.398712 56.208868 2
46.659664 39.5801 50.227 48.175811 46.659664 39.5801 50.227 48.175811 1
47.821455 49.297249 -99 55.104162 47.821455 49.297249 47.725511 55.104162 3
40.599519 48.737168 57.423732 50.910735 40.599519 48.737168 57.423732 50.910735 1
44.812523 44.471299 46.947633 51.70835 44.812523 44.471299 46.947633 51.70835 2
49.822628 49.792396 54.955992 57.929673 49.822628 49.792396 54.955992 57.929673 1
52.447943 53.098593 -99 58.834931 52.447943 53.098593 57.30785 58.834931 2
-99 -99 56.81402 54.051009 48.337108 44.434335 56.81402 54.051009 2
31.70249 50.06791 40.993795 46.798111 31.70249 50.06791 40.993795 46.798111 3
-99 -99 48.900235 43.456978 39.469231 42.711828 48.900235 43.456978 3
52.262501 50.332536 -99 66.230443 52.262501 50.332536 59.890777 66.230443 1
40.796567 42.413025 -99 -99 40.796567 42.413025 53.682215 58.951522 1
42.340463 51.675524 47.47792 57.737651 42.340463 51.675524 47.47792 57.737651 2
38.628609 50.074173 -99 61.63118 38.628609 50.074173 54.853798 61.63118 1
-99 -99 -99 -99 54.856783 49.287107 55.811295 57.610741 1
45.840099 48.732641 -99 47.827619 45.840099 48.732641 50.82313 47.827619 1
54.700506 42.749246 55.532186 50.334943 54.700506 42.749246 55.532186 50.334943 1
33.581629 43.745185 47.162033 47.209345 33.581629 43.745185 47.162033 47.209345 3
40.678139 46.822812 44.494651 51.789378 40.678139 46.822812 44.494651 51.789378 2
53.416809 49.871181 60.418134 64.662654 53.416809 49.871181 60.418134 64.662654 1
31.467547 31.98853 33.987374 39.84631 31.467547 31.98853 33.987374 39.84631 3
42.981188 43.712548 -99 -99 42.981188 43.712548 44.253538 43.470318 3
37.671156 42.275977 40.000158 40.571379 37.671156 42.275977 40.000158 40.571379 3
31.343575 28.843246 33.960787 -99 31.343575 28.843246 33.960787 32.781424 3
48.325502 -99 -99 48.713652 48.325502 47.939805 46.405448 48.713652 1
45.980639 41.008924 -99 -99 45.980639 41.008924 49.348735 42.209554 2
33.352182 33.569045 42.368324 29.198758 33.352182 33.569045 42.368324 29.198758 3
34.074597 40.68323 -99 56.685635 34.074597 40.68323 49.950144 56.685635 3
41.546727 -99 63.216395 60.1865 41.546727 43.311066 63.216395 60.1865 2
44.99285 53.544137 52.97626 59.813867 44.99285 53.544137 52.97626 59.813867 1
-99 -99 58.337495 65.861691 50.903269 53.333563 58.337495 65.861691 1
30.973169 38.893689 40.782932 37.195233 30.973169 38.893689 40.782932 37.195233 3
43.856531 39.530732 55.175371 -99 43.856531 39.530732 55.175371 61.57165 2
39.532482 -99 51.918885 51.677332 39.532482 44.520131 51.918885 51.677332 2
42.370871 -99 -99 53.338124 42.370871 43.283734 55.275979 53.338124 2
49.482416 -99 60.446832 64.299174 49.482416 58.174818 60.446832 64.299174 1
-99 51.307551 -99 56.608985 43.308835 51.307551 51.576563 56.608985 2
51.857364 52.858648 -99 64.539815 51.857364 52.858648 60.20482 64.539815 2
38.861204 43.501452 -99 51.438337 38.861204 43.501452 47.971485 51.438337 1
40.13563 45.290502 41.621202 49.877095 40.13563 45.290502 41.621202 49.877095 3
36.830605 33.957697 -99 -99 36.830605 33.957697 35.788506 36.724743 3
44.080177 43.254683 54.265555 -99 44.080177 43.254683 54.265555 51.282993 2
36.406315 -99 48.329582 47.765073 36.406315 36.572749 48.329582 47.765073 2
39.574817 40.099644 46.54746 44.60826 39.574817 40.099644 46.54746 44.60826 2
-99 -99 52.683242 -99 43.131016 55.651937 52.683242 57.63497 1
39.370229 -99 -99 -99 39.370229 42.772163 57.864227 56.940851 3
45.026214 -99 -99 -99 45.026214 47.179999 53.812076 53.383552 2
31.770306 -99 41.45523 45.383499 31.770306 36.228933 41.45523 45.383499 3
56.134641 -99 -99 69.608642 56.134641 63.756953 67.977752 69.608642 1
49.443968 50.731218 56.264641 52.987584 49.443968 50.731218 56.264641 52.987584 3
46.291749 45.074175 -99 53.341579 46.291749 45.074175 48.134218 53.341579 1
-99 41.33143 39.769788 -99 40.475895 41.33143 39.769788 33.02571 3
39.307869 38.499776 39.920247 41.616973 39.307869 38.499776 39.920247 41.616973 3
48.880837 50.863177 58.653615 61.154057 48.880837 50.863177 58.653615 61.154057 1
47.063117 48.322171 -99 -99 47.063117 48.322171 56.108636 55.374452 1
-99 59.24665 69.433427 73.784498 57.824897 59.24665 69.433427 73.784498 1
-99 65.776574 57.419948 -99 44.949061 65.776574 57.419948 65.900527 2
44.677283 44.742765 50.482155 53.820331 44.677283 44.742765 50.482155 53.820331 1
32.026253 -99 31.428709 41.74565 32.026253 40.124335 31.428709 41.74565 3
53.163284 55.473506 57.701062 68.743018 53.163284 55.473506 57.701062 68.743018 1
-99 30.426521 33.473874 33.686329 31.128885 30.426521 33.473874 33.686329 3
40.672367 -99 50.501533 57.571017 40.672367 43.59801 50.501533 57.571017 3
38.086859 -99 45.817734 43.959673 38.086859 30.136025 45.817734 43.959673 3
-99 53.483091 60.627006 65.356544 46.587483 53.483091 60.627006 65.356544 2
48.537388 -99 65.825571 71.466984 48.537388 59.236957 65.825571 71.466984 2
-99 53.339121 -99 -99 38.88553 53.339121 56.094847 52.42596 1
48.082698 -99 -99 58.157828 48.082698 48.198781 50.482039 58.157828 2
34.938746 42.98442 -99 46.270645 34.938746 42.98442 33.129089 46.270645 3
37.937763 44.631027 42.755375 44.111015 37.937763 44.631027 42.755375 44.111015 1
-99 -99 43.763322 -99 38.307778 39.66887 43.763322 39.926627 3
30.920283 39.857217 43.472387 42.017617 30.920283 39.857217 43.472387 42.017617 3
-99 38.670219 -99 41.552807 27.566653 38.670219 37.833597 41.552807 3
35.77091 45.629354 -99 56.607555 35.77091 45.629354 48.885914 56.607555 2
41.799126 56.459645 51.393242 -99 41.799126 56.459645 51.393242 50.87353 3
49.821574 53.833245 62.083981 -99 49.821574 53.833245 62.083981 65.172983 1
37.917668 42.454563 38.10145 -99 37.917668 42.454563 38.10145 44.958128 3
32.473575 -99 42.877206 -99 32.473575 36.352298 42.877206 45.880187 3
-99 42.69464 50.358181 46.826219 40.672841 42.69464 50.358181 46.826219 3
-99 51.764671 -99 53.856365 49.977925 51.764671 60.314121 53.856365 2
31.127484 32.750133 30.619477 -99 31.127484 32.750133 30.619477 27.307238 3
41.047624 42.16392 -99 -99 41.047624 42.16392 44.159606 45.223622 2
46.481727 49.31131 -99 -99 46.481727 49.31131 54.885411 57.768602 1
47.674492 40.02789 50.954618 55.781433 47.674492 40.02789 50.954618 55.781433 3
-99 45.37551 -99 42.990867 43.709895 45.37551 42.322677 42.990867 1
37.64052 31.470762 43.301242 39.67689 37.64052 31.470762 43.301242 39.67689 2
35.928122 42.419767 45.436261 -99 35.928122 42.419767 45.436261 39.393046 3
41.994076 54.455 -99 63.180575 41.994076 54.455 52.788029 63.180575 1
30.719863 36.666844 38.170845 44.13018 30.719863 36.666844 38.170845 44.13018 2
-99 -99 62.09887 63.085766 55.185818 58.198804 62.09887 63.085766 1
39.123696 43.768827 48.215388 -99 39.123696 43.768827 48.215388 53.703102 2
-99 42.141852 51.787133 -99 40.039524 42.141852 51.787133 49.340161 3
41.85688 40.812108 43.379222 46.724939 41.85688 40.812108 43.379222 46.724939 2
-99 -99 61.342664 60.158675 49.646214 55.456629 61.342664 60.158675 1
29.271222 37.86012 35.515466 50.371396 29.271222 37.86012 35.515466 50.371396 3
42.954518 46.448601 49.18239 -99 42.954518 46.448601 49.18239 51.736407 1
-99 46.41569 -99 -99 43.891586 46.41569 44.675812 55.523506 2
50.238474 -99 59.495564 68.077937 50.238474 59.4249 59.495564 68.077937 1
39.784978 -99 52.475761 56.287251 39.784978 48.403349 52.475761 56.287251 2
31.679424 38.338106 52.222109 52.148485 31.679424 38.338106 52.222109 52.148485 3
-99 -99 -99 50.81015 47.770765 44.234698 49.808879 50.81015 1
38.93557 36.015346 40.323998 50.814976 38.93557 36.015346 40.323998 50.814976 2
-99 42.45965 52.600076 56.906099 34.930469 42.45965 52.600076 56.906099 3
48.834185 40.729224 41.457189 38.336922 48.834185 40.729224 41.457189 38.336922 2
37.138371 -99 43.719946 42.776268 37.138371 36.932444 43.719946 42.776268 3
-99 52.435127 54.818747 -99 46.476606 52.435127 54.818747 59.239004 2
38.664437 50.917209 55.261418 65.560537 38.664437 50.917209 55.261418 65.560537 2
-99 36.30587 -99 44.645515 34.506287 36.30587 38.089605 44.645515 2
38.321977 48.992179 51.280503 -99 38.321977 48.992179 51.280503 48.495404 1
-99 59.562351 54.508706 59.405251 50.259463 59.562351 54.508706 59.405251 1
-99 55.594141 54.230614 69.085645 55.685204 55.594141 54.230614 69.085645 1
30.752249 32.745409 38.22718 40.474955 30.752249 32.745409 38.22718 40.474955 2
-99 43.916871 45.542713 55.614514 41.519036 43.916871 45.542713 55.614514 2
41.419285 48.610657 41.078035 -99 41.419285 48.610657 41.078035 49.282806 1
44.065628 43.033156 52.389142 51.795845 44.065628 43.033156 52.389142 51.795845 1
48.281236 -99 -99 64.264278 48.281236 59.777249 59.058417 64.264278 1
42.091798 42.231745 47.015078 48.448762 42.091798 42.231745 47.015078 48.448762 3
45.628151 49.757464 48.994696 58.477573 45.628151 49.757464 48.994696 58.477573 1
-99 51.916658 52.886656 56.738658 30.444727 51.916658 52.886656 56.738658 3
47.656965 37.723532 49.602774 38.561741 47.656965 37.723532 49.602774 38.561741 2
-99 49.421521 -99 -99 44.044342 49.421521 48.375733 49.317969 2
55.525901 57.583219 -99 -99 55.525901 57.583219 56.103802 54.417206 2
-99 46.213779 -99 55.792507 45.390991 46.213779 48.806636 55.792507 1
38.577808 52.856394 46.708087 53.945576 38.577808 52.856394 46.708087 53.945576 3
-99 41.780195 43.038709 52.817213 40.985968 41.780195 43.038709 52.817213 2
47.717221 61.593789 63.32357 -99 47.717221 61.593789 63.32357 61.043594 1
35.82217 31.929946 42.422818 46.537482 35.82217 31.929946 42.422818 46.537482 3
54.419401 -99 41.029046 -99 54.419401 46.486083 41.029046 46.464661 1
34.452598 -99 -99 47.092393 34.452598 40.148654 39.943021 47.092393 1
41.578279 -99 46.354552 -99 41.578279 36.0879 46.354552 50.497669 3
38.282938 -99 -99 59.649076 38.282938 52.810059 62.795659 59.649076 2
37.136911 43.752664 44.649877 -99 37.136911 43.752664 44.649877 56.146266 3
44.297301 51.225954 48.497926 52.137375 44.297301 51.225954 48.497926 52.137375 1
47.720266 45.131499 48.09998 53.121634 47.720266 45.131499 48.09998 53.121634 1
40.78564 49.226109 48.564681 61.009864 40.78564 49.226109 48.564681 61.009864 2
-99 41.930191 -99 40.764461 43.340684 41.930191 47.569714 40.764461 3
42.736579 49.622859 -99 57.070452 42.736579 49.622859 51.768298 57.070452 1
37.829509 -99 38.013323 45.421017 37.829509 39.308127 38.013323 45.421017 2
-99 44.222349 44.728423 46.776904 33.499609 44.222349 44.728423 46.776904 1
37.306061 42.646075 48.665229 56.268785 37.306061 42.646075 48.665229 56.268785 3
40.045207 43.361297 46.589322 49.76744 40.045207 43.361297 46.589322 49.76744 3
-99 46.518647 -99 49.895842 48.264034 46.518647 51.12943 49.895842 1
55.450718 53.200456 -99 55.874973 55.450718 53.200456 48.483207 55.874973 1
-99 47.327505 51.089812 58.799955 42.208273 47.327505 51.089812 58.799955 2
42.048063 36.729721 -99 -99 42.048063 36.729721 47.986694 60.237661 3
36.960804 40.829567 -99 36.446838 36.960804 40.829567 45.046275 36.446838 3
54.502899 57.171357 57.597404 65.254823 54.502899 57.171357 57.597404 65.254823 1
-99 46.13032 -99 53.655407 38.998038 46.13032 48.886498 53.655407 2
51.006526 -99 -99 61.071268 51.006526 49.35807 61.033639 61.071268 1
39.121221 45.760643 39.082185 38.280187 39.121221 45.760643 39.082185 38.280187 3
46.329192 -99 44.613236 46.248128 46.329192 39.307893 44.613236 46.248128 3
-99 61.164757 66.694193 68.637725 46.159477 61.164757 66.694193 68.637725 1
33.568053 -99 44.996577 -99 33.568053 43.037678 44.996577 46.02169 3
30.02247 39.76265 41.188407 45.772327 30.02247 39.76265 41.188407 45.772327 3
32.208552 -99 -99 38.105764 32.208552 34.929601 41.993849 38.105764 3
-99 50.688777 51.632457 61.499454 49.109471 50.688777 51.632457 61.499454 1
-99 43.754063 50.609697 51.445224 41.454599 43.754063 50.609697 51.445224 2
31.004796 -99 49.213164 54.780526 31.004796 39.281354 49.213164 54.780526 3
-99 36.745944 -99 51.071676 41.323944 36.745944 45.243562 51.071676 2
42.092617 -99 50.182267 57.18986 42.092617 47.686095 50.182267 57.18986 3
37.925924 -99 39.112952 41.489428 37.925924 36.687143 39.112952 41.489428 3
-99 49.482042 -99 -99 38.867146 49.482042 49.180285 58.017945 1
38.484269 43.239965 51.266663 -99 38.484269 43.239965 51.266663 46.748325 2
43.731592 -99 -99 -99 43.731592 37.398361 40.34351 43.814038 2
52.445272 47.442043 55.198341 46.79643 52.445272 47.442043 55.198341 46.79643 1
35.619288 -99 35.522601 43.311034 35.619288 38.285991 35.522601 43.311034 3
26.693968 -99 30.807723 -99 26.693968 30.143608 30.807723 42.562782 3
-99 -99 55.447512 51.641293 47.198296 53.280595 55.447512 51.641293 2
-99 26.709333 -99 -99 21.833701 26.709333 33.289509 35.191058 3
-99 39.168396 46.764109 47.172032 44.448882 39.168396 46.764109 47.172032 3
47.566767 48.102853 55.153407 61.656393 47.566767 48.102853 55.153407 61.656393 3
41.442355 -99 -99 -99 41.442355 50.553939 58.682658 53.78724 1
50.574973 52.544157 63.530101 67.749754 50.574973 52.544157 63.530101 67.749754 1
45.985355 -99 60.237364 65.118587 45.985355 55.209041 60.237364 65.118587 1
-99 45.460789 50.777898 59.394707 41.952531 45.460789 50.777898 59.394707 1
44.673349 48.021028 51.936459 55.446779 44.673349 48.021028 51.936459 55.446779 1
40.475884 46.919546 50.374819 55.720601 40.475884 46.919546 50.374819 55.720601 2
-99 -99 59.514669 62.270165 60.080284 53.275075 59.514669 62.270165 1
36.235865 40.242776 39.697081 27.802679 36.235865 40.242776 39.697081 27.802679 3
59.123673 53.894604 49.686967 56.363077 59.123673 53.894604 49.686967 56.363077 1
32.801959 39.894831 55.014229 52.657053 32.801959 39.894831 55.014229 52.657053 3
35.619387 46.548081 48.175852 50.5239 35.619387 46.548081 48.175852 50.5239 2
34.668052 -99 46.160723 49.841066 34.668052 39.042969 46.160723 49.841066 2
43.365918 -99 53.916801 -99 43.365918 47.084329 53.916801 60.163775 2
-99 48.258898 56.547614 63.337012 52.60231 48.258898 56.547614 63.337012 2
41.579903 -99 -99 49.928733 41.579903 48.443499 50.194128 49.928733 2
56.910988 50.915842 -99 60.082309 56.910988 50.915842 59.910997 60.082309 1
43.262824 42.929947 45.67486 -99 43.262824 42.929947 45.67486 43.511501 2
41.657965 41.295192 -99 40.015435 41.657965 41.295192 47.502287 40.015435 1
-99 30.577761 33.596654 -99 30.374445 30.577761 33.596654 35.561103 3
40.274832 44.373105 36.604668 34.466394 40.274832 44.373105 36.604668 34.466394 3
-99 39.97357 -99 -99 35.133803 39.97357 43.05023 46.635856 2
32.646842 -99 -99 43.438625 32.646842 33.393169 37.985882 43.438625 3
43.441616 55.974594 -99 47.467466 43.441616 55.974594 55.079163 47.467466 1
53.77115 -99 56.660645 53.533071 53.77115 52.529245 56.660645 53.533071 1
44.408637 48.766483 54.606243 -99 44.408637 48.766483 54.606243 60.359118 1
39.071258 38.742735 -99 53.952929 39.071258 38.742735 49.420988 53.952929 3
39.050874 52.986848 51.01334 46.557233 39.050874 52.986848 51.01334 46.557233 2
37.166969 -99 45.013038 53.154805 37.166969 41.344038 45.013038 53.154805 2
34.956619 33.542739 35.403981 43.162986 34.956619 33.542739 35.403981 43.162986 3
-99 -99 -99 59.265359 43.319994 48.333312 50.188859 59.265359 2
-99 41.626383 -99 -99 49.641259 41.626383 40.730494 47.984874 3
43.028773 -99 45.662335 -99 43.028773 42.178955 45.662335 47.670139 1
47.277341 51.460137 56.956558 54.844493 47.277341 51.460137 56.956558 54.844493 3
60.326869 53.45677 -99 -99 60.326869 53.45677 58.979742 68.030576 1
49.335865 53.208381 56.729912 67.398236 49.335865 53.208381 56.729912 67.398236 1
47.694469 49.709282 57.888478 54.563258 47.694469 49.709282 57.888478 54.563258 2
-99 36.603873 37.953841 36.315524 30.216351 36.603873 37.953841 36.315524 2
43.22948 -99 49.48598 57.058539 43.22948 38.6973 49.48598 57.058539 3
-99 57.523471 -99 50.472765 47.224718 57.523471 52.338606 50.472765 1
36.430747 -99 45.178208 -99 36.430747 36.770631 45.178208 45.635503 3
40.607911 -99 -99 38.256794 40.607911 37.818545 36.818192 38.256794 3
33.839265 47.673082 46.857543 50.848247 33.839265 47.673082 46.857543 50.848247 2
38.297876 -99 48.678741 -99 38.297876 45.417432 48.678741 50.045182 2
48.524915 49.856974 50.576509 57.64654 48.524915 49.856974 50.576509 57.64654 1
34.406414 31.386123 42.436347 53.20879 34.406414 31.386123 42.436347 53.20879 3
-99 -99 47.469882 52.732264 38.755321 49.643452 47.469882 52.732264 1
36.857415 36.657822 42.602867 49.548324 36.857415 36.657822 42.602867 49.548324 3
41.516874 51.035881 60.587987 -99 41.516874 51.035881 60.587987 52.768763 2
42.064086 39.473333 43.769168 46.926753 42.064086 39.473333 43.769168 46.926753 1
-99 -99 56.84385 58.551576 41.787657 48.83266 56.84385 58.551576 2
-99 -99 -99 45.28386 52.751271 50.807905 42.249318 45.28386 1
-99 -99 -99 56.778481 47.651943 50.235861 55.521909 56.778481 1
48.019726 45.446559 54.636065 53.610464 48.019726 45.446559 54.636065 53.610464 1
38.250402 43.602946 48.286239 62.883008 38.250402 43.602946 48.286239 62.883008 2
49.801069 50.716912 -99 -99 49.801069 50.716912 59.166538 61.060444 2
33.803204 37.779714 30.69806 26.928199 33.803204 37.779714 30.69806 26.928199 3
43.793477 52.220937 58.054475 -99 43.793477 52.220937 58.054475 65.146212 2
53.322687 61.972322 59.960378 -99 53.322687 61.972322 59.960378 65.398402 1
39.942317 -99 51.298851 -99 39.942317 53.13308 51.298851 58.883376 2
44.072123 41.5131 52.996148 60.327583 44.072123 41.5131 52.996148 60.327583 1
50.31952 45.372959 53.59703 -99 50.31952 45.372959 53.59703 50.032297 1
49.83634 51.677853 -99 -99 49.83634 51.677853 51.852378 53.923592 1
33.445875 43.153051 31.131519 30.242069 33.445875 43.153051 31.131519 30.242069 3
41.482358 -99 49.851187 51.657779 41.482358 55.938644 49.851187 51.657779 2
52.464196 -99 59.692567 63.136043 52.464196 47.88178 59.692567 63.136043 2
43.908153 44.412723 42.446366 45.29459 43.908153 44.412723 42.446366 45.29459 2
38.835766 37.219536 48.853024 -99 38.835766 37.219536 48.853024 43.472127 3
43.173535 36.25115 55.13351 53.516649 43.173535 36.25115 55.13351 53.516649 3
44.574534 41.855425 52.251048 53.773847 44.574534 41.855425 52.251048 53.773847 2
44.444909 41.176991 -99 -99 44.444909 41.176991 42.762594 49.560473 3
40.028651 42.61004 46.978872 54.702649 40.028651 42.61004 46.978872 54.702649 3
46.835032 56.81353 65.302789 56.572584 46.835032 56.81353 65.302789 56.572584 2
39.434614 -99 38.566964 43.918585 39.434614 36.256047 38.566964 43.918585 2
44.685758 46.140497 -99 -99 44.685758 46.140497 56.258641 53.75092 2
43.76477 47.176637 47.286148 49.719013 43.76477 47.176637 47.286148 49.719013 1
49.193328 44.153765 57.459583 -99 49.193328 44.153765 57.459583 63.731672 1
37.116479 41.765656 51.824424 51.605456 37.116479 41.765656 51.824424 51.605456 2
43.324259 40.649811 52.570342 56.056288 43.324259 40.649811 52.570342 56.056288 2
53.187798 59.159937 -99 53.835271 53.187798 59.159937 48.201098 53.835271 1
46.829046 -99 51.984712 58.388371 46.829046 48.168281 51.984712 58.388371 1
38.13776 -99 41.620393 46.27547 38.13776 38.896761 41.620393 46.27547 3
30.522389 36.68869 -99 -99 30.522389 36.68869 51.583586 59.043687 3
37.294447 -99 -99 43.428278 37.294447 45.961641 37.761627 43.428278 2
-99 44.811853 -99 -99 41.969702 44.811853 47.354484 44.003981 3
43.136441 -99 58.752683 -99 43.136441 52.296987 58.752683 57.600673 1
35.949101 51.074848 62.116993 61.397659 35.949101 51.074848 62.116993 61.397659 2
40.977674 -99 44.344723 -99 40.977674 48.576635 44.344723 44.429456 2
47.987203 54.494683 -99 -99 47.987203 54.494683 59.364144 61.985665 2
36.856608 36.776043 -99 47.693815 36.856608 36.776043 43.135139 47.693815 2
-99 47.284237 53.117599 55.099177 53.017582 47.284237 53.117599 55.099177 1
42.213749 41.873989 37.609429 44.395204 42.213749 41.873989 37.609429 44.395204 3
46.385831 -99 56.924525 -99 46.385831 54.599554 56.924525 63.661131 1
44.96434 -99 52.032382 55.43816 44.96434 58.000471 52.032382 55.43816 2
42.589174 52.244693 46.254154 45.552258 42.589174 52.244693 46.254154 45.552258 2
46.5508 41.22209 47.797209 45.409035 46.5508 41.22209 47.797209 45.409035 2
37.506324 42.200258 49.535633 41.162206 37.506324 42.200258 49.535633 41.162206 1
29.596913 34.251096 40.83341 40.930399 29.596913 34.251096 40.83341 40.930399 3
40.390992 38.616272 33.245517 -99 40.390992 38.616272 33.245517 37.533855 3
47.05179 56.759601 57.744082 61.005923 47.05179 56.759601 57.744082 61.005923 1
21.51545 28.827694 35.155788 44.426384 21.51545 28.827694 35.155788 44.426384 3
32.269065 42.779016 38.969403 41.198977 32.269065 42.779016 38.969403 41.198977 3
44.166107 38.300668 -99 54.101539 44.166107 38.300668 43.693722 54.101539 2
40.393301 42.227933 -99 42.157886 40.393301 42.227933 36.021841 42.157886 3
43.431707 47.58776 56.243825 59.027798 43.431707 47.58776 56.243825 59.027798 1
36.996545 40.22241 46.137294 41.474204 36.996545 40.22241 46.137294 41.474204 3
43.305051 52.756793 58.105397 63.103902 43.305051 52.756793 58.105397 63.103902 2
-99 41.353341 39.560786 45.315893 36.76892 41.353341 39.560786 45.315893 2
35.173285 37.455688 36.396818 -99 35.173285 37.455688 36.396818 35.37502 3
35.066229 39.22884 -99 43.843584 35.066229 39.22884 41.536307 43.843584 2
55.635488 54.859981 60.491826 72.524376 55.635488 54.859981 60.491826 72.524376 2
-99 50.105526 59.11734 63.917622 48.68919 50.105526 59.11734 63.917622 1
40.305516 45.545961 41.432784 -99 40.305516 45.545961 41.432784 52.836298 3
34.612981 42.78342 43.904859 53.882138 34.612981 42.78342 43.904859 53.882138 2
-99 57.235436 66.520662 79.464505 54.232728 57.235436 66.520662 79.464505 1
43.322714 47.636184 45.421611 -99 43.322714 47.636184 45.421611 43.369193 1
46.449576 40.781127 43.933908 56.775549 46.449576 40.781127 43.933908 56.775549 1
46.269177 46.79154 53.763684 45.761155 46.269177 46.79154 53.763684 45.761155 2
49.38742 -99 53.05744 51.272049 49.38742 47.786791 53.05744 51.272049 1
26.710279 41.391045 -99 40.798868 26.710279 41.391045 33.230987 40.798868 3
49.955349 47.834427 -99 56.420144 49.955349 47.834427 55.274089 56.420144 1
51.131746 58.464236 54.792999 71.11189 51.131746 58.464236 54.792999 71.11189 2
43.83111 -99 51.035378 -99 43.83111 45.884982 51.035378 64.526557 1
-99 41.389042 44.649677 42.594472 40.523655 41.389042 44.649677 42.594472 3
49.700201 40.022066 -99 36.87491 49.700201 40.022066 41.939825 36.87491 3
-99 54.398658 -99 50.291055 43.903052 54.398658 56.12952 50.291055 1
42.608856 47.875786 54.120018 64.471926 42.608856 47.875786 54.120018 64.471926 2
41.864753 44.256315 43.594956 43.916374 41.864753 44.256315 43.594956 43.916374 1
32.281039 46.125004 42.410127 49.169774 32.281039 46.125004 42.410127 49.169774 3
-99 59.949208 -99 62.225634 48.062886 59.949208 59.507846 62.225634 1
37.866908 -99 -99 41.189083 37.866908 41.078606 41.455207 41.189083 3
-99 49.594802 56.005239 66.474086 43.593765 49.594802 56.005239 66.474086 3
39.801886 39.085342 -99 35.571712 39.801886 39.085342 36.786123 35.571712 3
38.048601 -99 51.762039 47.683503 38.048601 43.587562 51.762039 47.683503 3
47.143763 48.783869 50.437966 55.189596 47.143763 48.783869 50.437966 55.189596 3
38.669977 53.950985 49.696594 45.344237 38.669977 53.950985 49.696594 45.344237 2
-99 -99 -99 63.392779 39.996216 54.025418 53.501834 63.392779 2
-99 64.043617 -99 -99 45.021173 64.043617 55.737489 65.922822 1
37.756542 35.651224 40.021945 42.948577 37.756542 35.651224 40.021945 42.948577 3
-99 38.70307 -99 57.556895 32.69485 38.70307 36.099776 57.556895 3
44.299565 43.444239 45.121044 -99 44.299565 43.444239 45.121044 54.001415 2
50.499741 54.33022 53.822413 65.449193 50.499741 54.33022 53.822413 65.449193 1
38.923116 41.558413 49.138262 -99 38.923116 41.558413 49.138262 53.858366 2
54.447305 -99 58.420168 -99 54.447305 58.029553 58.420168 63.232145 1
-99 45.830893 -99 58.972909 45.059835 45.830893 56.085317 58.972909 2
-99 46.660549 55.724867 55.171515 34.307891 46.660549 55.724867 55.171515 3
-99 42.08191 45.188264 40.946067 37.65584 42.08191 45.188264 40.946067 3
42.737435 48.049439 -99 53.693485 42.737435 48.049439 49.186803 53.693485 3
58.446798 58.141616 57.655165 61.023939 58.446798 58.141616 57.655165 61.023939 1
-99 38.356376 -99 49.239069 39.424111 38.356376 40.848975 49.239069 3
-99 49.935146 60.479354 67.789976 45.834061 49.935146 60.479354 67.789976 1
-99 51.331166 57.696984 -99 40.201761 51.331166 57.696984 64.441276 1
56.49201 59.750936 60.681407 71.613663 56.49201 59.750936 60.681407 71.613663 2
46.895023 -99 42.528096 -99 46.895023 40.989572 42.528096 47.00985 3
39.946766 -99 46.910627 58.408866 39.946766 46.409688 46.910627 58.408866 1
-99 51.394249 -99 60.576859 56.354221 51.394249 55.289057 60.576859 1
37.681727 46.207695 47.385315 -99 37.681727 46.207695 47.385315 45.722732 2
-99 46.448175 57.374439 67.402047 39.924935 46.448175 57.374439 67.402047 2
38.419704 35.651648 40.941437 32.920298 38.419704 35.651648 40.941437 32.920298 2
48.594767 53.827725 48.40468 56.46537 48.594767 53.827725 48.40468 56.46537 1
47.456165 -99 -99 63.431109 47.456165 47.800437 49.816477 63.431109 1
47.194505 54.72894 -99 -99 47.194505 54.72894 55.687358 59.752164 3
31.500247 40.418753 37.548871 39.550917 31.500247 40.418753 37.548871 39.550917 3
59.302545 -99 58.841668 -99 59.302545 49.300594 58.841668 65.893742 1
32.321244 42.404733 43.926266 -99 32.321244 42.404733 43.926266 45.078154 3
48.976676 43.398369 50.228717 50.630081 48.976676 43.398369 50.228717 50.630081 1
-99 39.637959 36.964908 44.719676 29.373059 39.637959 36.964908 44.719676 3
-99 -99 51.145429 -99 50.610651 54.650065 51.145429 53.79804 1
49.096058 48.1669 53.512367 58.147078 49.096058 48.1669 53.512367 58.147078 1
-99 -99 54.808872 45.358772 32.531788 45.781493 54.808872 45.358772 1
37.039639 37.112144 -99 35.411314 37.039639 37.112144 32.563538 35.411314 2
41.77656 56.876183 -99 51.632209 41.77656 56.876183 55.022538 51.632209 2
30.015127 34.497271 35.371592 35.042825 30.015127 34.497271 35.371592 35.042825 3
45.299048 43.476555 -99 49.152002 45.299048 43.476555 45.893951 49.152002 3
38.030069 -99 -99 37.878509 38.030069 30.552102 37.555064 37.878509 3
-99 54.352128 60.520092 60.34522 56.711863 54.352128 60.520092 60.34522 1
29.231675 40.757047 54.317522 -99 29.231675 40.757047 54.317522 50.791398 3
43.426575 50.735384 -99 50.420165 43.426575 50.735384 56.407259 50.420165 2
37.751869 45.777126 43.489046 50.399462 37.751869 45.777126 43.489046 50.399462 2
55.253162 49.63511 59.985364 66.655947 55.253162 49.63511 59.985364 66.655947 1
41.386904 -99 37.60144 51.06453 41.386904 43.307248 37.60144 51.06453 2
58.974997 58.648843 69.378573 73.107367 58.974997 58.648843 69.378573 73.107367 2
49.49752 -99 -99 64.762128 49.49752 58.203414 64.028244 64.762128 1
-99 44.106721 44.701172 54.252695 35.97617 44.106721 44.701172 54.252695 2
35.786805 35.262318 41.368449 -99 35.786805 35.262318 41.368449 49.723818 3
38.225084 53.872173 -99 52.886509 38.225084 53.872173 56.603728 52.886509 1
39.203608 44.519222 49.098381 48.31459 39.203608 44.519222 49.098381 48.31459 1
40.088721 49.743261 53.021719 -99 40.088721 49.743261 53.021719 50.490731 2
52.181512 46.173069 52.309444 54.993333 52.181512 46.173069 52.309444 54.993333 2
52.957 56.457213 59.792626 -99 52.957 56.457213 59.792626 73.831704 1
48.138385 -99 50.868635 66.905473 48.138385 56.881625 50.868635 66.905473 1
39.30524 -99 37.246576 40.502056 39.30524 43.090536 37.246576 40.502056 1
-99 -99 -99 58.712563 47.497033 46.353392 48.178703 58.712563 2
55.921624 49.795025 52.296983 57.738316 55.921624 49.795025 52.296983 57.738316 1
63.043964 65.225322 61.886779 -99 63.043964 65.225322 61.886779 65.357905 1
38.399866 -99 40.361073 -99 38.399866 39.312408 40.361073 35.977325 2
38.019045 39.250272 47.86453 -99 38.019045 39.250272 47.86453 53.858421 3
39.766519 48.904759 43.143393 41.95102 39.766519 48.904759 43.143393 41.95102 2
49.448574 43.775341 60.713917 54.12345 49.448574 43.775341 60.713917 54.12345 1
-99 35.474226 38.092727 -99 35.959303 35.474226 38.092727 34.135335 3
37.256334 -99 60.734675 60.512824 37.256334 50.707107 60.734675 60.512824 2
-99 -99 47.471132 46.94887 46.010084 45.375823 47.471132 46.94887 1
-99 52.447552 51.543002 55.549461 47.48666 52.447552 51.543002 55.549461 2
52.105856 47.803949 -99 -99 52.105856 47.803949 53.274715 43.850251 1
24.218331 -99 34.829833 34.383726 24.218331 37.094283 34.829833 34.383726 3
35.773785 50.295296 47.337495 47.014069 35.773785 50.295296 47.337495 47.014069 2
34.914761 42.345211 -99 -99 34.914761 42.345211 36.598531 46.319623 1
-99 54.056995 58.037411 63.549004 44.656527 54.056995 58.037411 63.549004 1
36.705679 50.639615 48.428512 -99 36.705679 50.639615 48.428512 57.876338 3
31.843202 35.246292 37.054513 -99 31.843202 35.246292 37.054513 33.704234 3
45.972428 53.293512 55.794106 55.741366 45.972428 53.293512 55.794106 55.741366 1
45.442808 37.909057 47.678739 48.439723 45.442808 37.909057 47.678739 48.439723 3
-99 55.685521 44.238177 58.081198 41.876092 55.685521 44.238177 58.081198 1
52.152346 52.984385 53.453128 68.018971 52.152346 52.984385 53.453128 68.018971 2
-99 -99 53.823355 56.711609 44.114607 45.835518 53.823355 56.711609 2
-99 -99 -99 48.454701 36.829203 38.409929 45.178982 48.454701 3
56.440179 -99 50.928266 55.458907 56.440179 46.190814 50.928266 55.458907 1
34.554023 43.495696 -99 -99 34.554023 43.495696 40.297119 51.280203 3
38.090846 43.174955 38.859908 -99 38.090846 43.174955 38.859908 47.280776 2
40.314381 46.059291 49.96863 57.687314 40.314381 46.059291 49.96863 57.687314 2
34.406936 42.321754 35.240748 48.00137 34.406936 42.321754 35.240748 48.00137 3
38.718287 40.425935 37.228011 46.852382 38.718287 40.425935 37.228011 46.852382 3
42.089664 46.66851 58.809136 64.997447 42.089664 46.66851 58.809136 64.997447 1
-99 56.798924 56.906134 57.087668 52.448237 56.798924 56.906134 57.087668 3
47.443636 44.509296 -99 -99 47.443636 44.509296 49.621133 45.398209 1
51.153246 54.958751 57.028855 55.765971 51.153246 54.958751 57.028855 55.765971 2
30.050877 38.236608 37.500057 37.138432 30.050877 38.236608 37.500057 37.138432 3
38.125288 45.172069 58.962644 -99 38.125288 45.172069 58.962644 57.329739 3
27.157663 30.093993 33.199847 36.813323 27.157663 30.093993 33.199847 36.813323 3
36.174636 40.520408 37.768221 38.312737 36.174636 40.520408 37.768221 38.312737 3
48.429951 45.733649 -99 -99 48.429951 45.733649 56.598637 61.082096 2
43.670082 47.820119 43.486031 52.46216 43.670082 47.820119 43.486031 52.46216 3
50.324984 48.304142 -99 55.856464 50.324984 48.304142 49.458002 55.856464 1
31.834471 42.542644 -99 51.133264 31.834471 42.542644 39.003827 51.133264 2
35.677398 39.578918 32.440008 -99 35.677398 39.578918 32.440008 40.538719 3
40.354845 -99 45.462749 53.733732 40.354845 40.879472 45.462749 53.733732 2
32.957202 31.642523 39.901661 -99 32.957202 31.642523 39.901661 46.094639 3
37.092689 31.917954 44.57301 -99 37.092689 31.917954 44.57301 46.706021 3
45.341945 42.136934 -99 49.718186 45.341945 42.136934 50.301996 49.718186 3
42.714453 36.596897 45.245062 -99 42.714453 36.596897 45.245062 61.502274 2
33.588806 40.515354 -99 -99 33.588806 40.515354 47.278122 54.330229 3
42.805333 50.17723 -99 59.82705 42.805333 50.17723 63.046984 59.82705 2
44.254357 42.659883 41.206374 37.849999 44.254357 42.659883 41.206374 37.849999 1
41.609864 49.200588 45.992809 57.642778 41.609864 49.200588 45.992809 57.642778 2
48.582497 53.657552 61.347932 -99 48.582497 53.657552 61.347932 52.275547 2
46.691867 43.048211 -99 58.887038 46.691867 43.048211 49.30395 58.887038 2
-99 44.124245 42.804121 47.887091 36.344662 44.124245 42.804121 47.887091 3
-99 52.344277 51.764317 52.145262 40.924175 52.344277 51.764317 52.145262 2
51.166901 55.481705 -99 57.119884 51.166901 55.481705 57.52488 57.119884 1
-99 35.544735 42.801339 45.658123 32.661397 35.544735 42.801339 45.658123 3
41.871255 -99 58.18135 -99 41.871255 44.522385 58.18135 63.308997 1
40.945524 47.060452 46.649847 44.29418 40.945524 47.060452 46.649847 44.29418 2
44.248116 53.867253 55.665374 59.588953 44.248116 53.867253 55.665374 59.588953 1
38.107246 36.143496 35.745239 48.43598 38.107246 36.143496 35.745239 48.43598 3
41.583292 -99 47.317704 -99 41.583292 39.134691 47.317704 48.32455 2
-99 49.787711 -99 60.558659 49.068957 49.787711 57.286544 60.558659 1
-99 37.170338 38.92754 43.029043 33.52071 37.170338 38.92754 43.029043 3
36.35913 47.65682 52.538813 48.663517 36.35913 47.65682 52.538813 48.663517 2
41.535554 41.482214 -99 52.891156 41.535554 41.482214 40.525382 52.891156 1
39.16183 -99 46.35549 -99 39.16183 40.064806 46.35549 55.179752 3
36.18287 40.571527 -99 39.397131 36.18287 40.571527 36.151607 39.397131 3
32.325717 29.266212 29.416356 -99 32.325717 29.266212 29.416356 35.544549 3
46.598932 -99 -99 62.970237 46.598932 54.337779 55.984585 62.970237 2
41.501038 39.797711 46.090622 45.67969 41.501038 39.797711 46.090622 45.67969 2
29.795033 36.181371 -99 48.5045 29.795033 36.181371 43.954935 48.5045 3
60.698838 50.213996 56.370699 64.687675 60.698838 50.213996 56.370699 64.687675 1
-99 56.486587 54.004937 -99 46.085782 56.486587 54.004937 59.627246 1
40.665171 42.182193 -99 45.99662 40.665171 42.182193 44.686145 45.99662 1
52.450641 48.150943 54.642242 67.041593 52.450641 48.150943 54.642242 67.041593 3
55.003788 -99 -99 -99 55.003788 60.216439 65.220195 63.138127 1
48.811826 47.611407 48.532043 58.503862 48.811826 47.611407 48.532043 58.503862 2
42.419436 -99 46.386214 48.008512 42.419436 40.087385 46.386214 48.008512 3
35.06564 -99 40.676515 37.705366 35.06564 30.015384 40.676515 37.705366 2
29.324957 43.179692 42.96942 41.605701 29.324957 43.179692 42.96942 41.605701 2
36.330291 35.957184 42.840321 -99 36.330291 35.957184 42.840321 39.763975 3
37.968561 46.113112 41.050192 38.799928 37.968561 46.113112 41.050192 38.799928 2
44.095888 -99 50.125484 44.797385 44.095888 42.505525 50.125484 44.797385 1
24.211953 -99 42.276804 48.166075 24.211953 46.12722 42.276804 48.166075 3
34.695208 -99 41.584601 -99 34.695208 43.555947 41.584601 40.787118 3
37.134992 45.63669 50.492622 55.765038 37.134992 45.63669 50.492622 55.765038 2
48.988123 52.060541 59.360987 59.253176 48.988123 52.060541 59.360987 59.253176 1
39.760187 45.780941 -99 -99 39.760187 45.780941 57.360292 59.832411 2
48.882825 57.685834 56.906318 61.440961 48.882825 57.685834 56.906318 61.440961 1
-99 -99 58.588061 55.222954 48.657755 52.665475 58.588061 55.222954 1
-99 -99 62.664506 51.682021 45.465091 37.679116 62.664506 51.682021 1
40.932707 -99 42.135795 44.450537 40.932707 42.909936 42.135795 44.450537 3
47.437831 -99 -99 59.710979 47.437831 47.553737 56.512186 59.710979 2
-99 47.584068 48.631563 51.831521 46.417901 47.584068 48.631563 51.831521 2
50.13169 -99 53.354919 52.779399 50.13169 48.883378 53.354919 52.779399 1
-99 56.480398 54.616299 -99 53.328938 56.480398 54.616299 64.295611 1
35.949534 -99 34.374782 -99 35.949534 38.236629 34.374782 35.977324 3
42.913252 37.899264 48.663622 45.488419 42.913252 37.899264 48.663622 45.488419 3
48.496842 52.474196 55.956473 -99 48.496842 52.474196 55.956473 63.539171 1
35.098554 33.261346 40.844376 47.906388 35.098554 33.261346 40.844376 47.906388 3
40.925245 54.488996 -99 53.900089 40.925245 54.488996 51.366661 53.900089 2
-99 45.746775 -99 52.0178 38.030153 45.746775 44.42369 52.0178 3
35.177552 -99 -99 38.040218 35.177552 32.963942 42.430321 38.040218 3
-99 49.971088 -99 62.521585 49.936141 49.971088 58.122936 62.521585 2
35.760651 -99 48.216203 48.94342 35.760651 37.911921 48.216203 48.94342 3
53.187083 -99 58.815253 56.616156 53.187083 55.169869 58.815253 56.616156 1
46.142925 38.810553 -99 49.51367 46.142925 38.810553 47.058473 49.51367 1
42.560598 -99 49.190175 50.128298 42.560598 44.305672 49.190175 50.128298 3
37.552448 -99 -99 50.004068 37.552448 46.05678 53.067658 50.004068 2
-99 -99 35.360482 40.657117 41.523498 35.638932 35.360482 40.657117 2
43.874682 53.68435 -99 59.248232 43.874682 53.68435 52.184889 59.248232 3
47.582091 47.790859 52.956952 67.025362 47.582091 47.790859 52.956952 67.025362 2
-99 43.380319 53.268043 54.925412 35.889137 43.380319 53.268043 54.925412 2
40.685944 52.452614 58.705026 60.082253 40.685944 52.452614 58.705026 60.082253 2
42.248982 45.067454 46.14296 59.351224 42.248982 45.067454 46.14296 59.351224 3
41.343932 42.849659 50.260593 48.620973 41.343932 42.849659 50.260593 48.620973 3
-99 56.776973 59.38648 60.010118 58.131508 56.776973 59.38648 60.010118 1
29.638527 -99 36.460251 35.024881 29.638527 34.923343 36.460251 35.024881 3
42.288026 -99 -99 58.418624 42.288026 50.398903 53.783112 58.418624 2
51.572115 49.003904 54.439948 61.47864 51.572115 49.003904 54.439948 61.47864 1
-99 -99 58.63668 -99 48.820758 49.842715 58.63668 62.432776 3
42.858602 52.518635 53.53695 53.408026 42.858602 52.518635 53.53695 53.408026 3
41.811248 50.861814 54.288158 65.22592 41.811248 50.861814 54.288158 65.22592 2
40.162588 45.516038 -99 37.804923 40.162588 45.516038 39.918618 37.804923 3
41.649597 42.473906 43.787113 42.179161 41.649597 42.473906 43.787113 42.179161 2
44.729387 46.425117 54.520109 66.345247 44.729387 46.425117 54.520109 66.345247 1
41.237079 52.046734 58.22604 -99 41.237079 52.046734 58.22604 59.096126 2
35.764324 -99 -99 55.869082 35.764324 54.777373 40.298618 55.869082 3
-99 42.771214 48.797219 42.101189 41.273467 42.771214 48.797219 42.101189 2
25.524151 40.941512 40.920601 37.276889 25.524151 40.941512 40.920601 37.276889 3
48.694971 47.07266 60.102415 -99 48.694971 47.07266 60.102415 57.9083 1
33.745097 40.652214 44.169001 -99 33.745097 40.652214 44.169001 41.788148 3
44.827383 55.861886 -99 57.416612 44.827383 55.861886 56.566233 57.416612 1
55.728082 57.855405 58.399873 53.96361 55.728082 57.855405 58.399873 53.96361 2
49.337772 61.275087 -99 72.140907 49.337772 61.275087 63.415375 72.140907 1
-99 58.053925 54.573591 58.467181 53.040496 58.053925 54.573591 58.467181 1
44.712641 47.179871 62.537284 -99 44.712641 47.179871 62.537284 62.585432 2
39.533516 53.730506 45.554485 52.660149 39.533516 53.730506 45.554485 52.660149 2
46.080414 -99 -99 48.88596 46.080414 46.209619 53.676704 48.88596 2
40.354302 48.90612 52.460349 66.692605 40.354302 48.90612 52.460349 66.692605 2
36.949498 43.99592 49.344311 49.211153 36.949498 43.99592 49.344311 49.211153 1
33.681928 28.941201 30.568561 37.317795 33.681928 28.941201 30.568561 37.317795 3
44.594175 -99 48.970203 57.366185 44.594175 43.083267 48.970203 57.366185 2
38.845272 37.014756 42.660557 43.907819 38.845272 37.014756 42.660557 43.907819 3
35.417804 32.629083 38.959342 43.941304 35.417804 32.629083 38.959342 43.941304 3
57.376581 58.074429 55.511101 63.271558 57.376581 58.074429 55.511101 63.271558 1
40.332078 36.932872 49.863844 46.883086 40.332078 36.932872 49.863844 46.883086 3
42.172147 47.030882 47.694998 55.139823 42.172147 47.030882 47.694998 55.139823 3
48.707535 54.400732 58.039795 59.183965 48.707535 54.400732 58.039795 59.183965 2
35.372998 50.516867 42.203494 43.836522 35.372998 50.516867 42.203494 43.836522 3
54.369645 -99 -99 -99 54.369645 52.937069 65.549071 66.155783 1
33.6604 37.830257 41.173669 -99 33.6604 37.830257 41.173669 31.667305 3
36.610234 -99 40.313097 -99 36.610234 38.227256 40.313097 45.914934 3
41.281875 44.177847 45.563112 52.083356 41.281875 44.177847 45.563112 52.083356 3
-99 38.596228 40.808301 37.597821 45.235782 38.596228 40.808301 37.597821 3
47.214967 57.937283 60.485702 61.235762 47.214967 57.937283 60.485702 61.235762 2
40.939791 41.269937 46.610692 -99 40.939791 41.269937 46.610692 57.488452 2
54.127636 60.944442 -99 69.569811 54.127636 60.944442 65.036424 69.569811 2
42.036377 50.284508 57.034227 60.519335 42.036377 50.284508 57.034227 60.519335 2
-99 51.060193 53.612405 62.718735 42.180576 51.060193 53.612405 62.718735 3
36.917935 -99 -99 45.537472 36.917935 33.858149 43.457165 45.537472 3
42.679196 -99 41.927602 -99 42.679196 36.353084 41.927602 47.168591 2
30.626018 33.495408 29.182598 -99 30.626018 33.495408 29.182598 44.280224 3
38.551098 -99 40.825048 45.431714 38.551098 38.954459 40.825048 45.431714 2
50.098819 55.930396 -99 52.720759 50.098819 55.930396 49.109302 52.720759 2
42.805984 40.485572 47.075543 48.550449 42.805984 40.485572 47.075543 48.550449 1
-99 50.132554 57.137708 54.638554 40.676229 50.132554 57.137708 54.638554 2
30.957681 -99 27.209716 29.355888 30.957681 29.000942 27.209716 29.355888 3
57.740099 -99 -99 71.457299 57.740099 61.662977 62.814528 71.457299 1
42.449223 47.939926 51.507167 -99 42.449223 47.939926 51.507167 52.609367 3
-99 54.046367 61.307241 58.2571 45.829053 54.046367 61.307241 58.2571 1
58.158206 52.99627 61.859706 68.49602 58.158206 52.99627 61.859706 68.49602 1
52.319383 -99 -99 85.314936 52.319383 64.248734 72.781944 85.314936 2
48.319695 -99 -99 -99 48.319695 55.104564 53.255139 57.965254 2
-99 -99 -99 60.07769 38.99844 42.66325 45.312156 60.07769 3
-99 -99 44.789979 51.098205 36.367208 39.422178 44.789979 51.098205 3
-99 43.886715 -99 -99 50.666902 43.886715 54.872858 51.231937 2
45.062272 48.027943 52.601832 60.503651 45.062272 48.027943 52.601832 60.503651 2
44.361421 52.13716 52.08936 51.217724 44.361421 52.13716 52.08936 51.217724 2
37.685925 45.891627 37.39995 -99 37.685925 45.891627 37.39995 45.500731 1
51.290049 -99 56.963129 64.313935 51.290049 54.119081 56.963129 64.313935 1
33.310536 38.879111 -99 -99 33.310536 38.879111 36.039191 38.67003 3
42.77087 42.855708 -99 49.655597 42.77087 42.855708 47.642604 49.655597 3
52.792724 58.027933 58.693877 66.16429 52.792724 58.027933 58.693877 66.16429 2
-99 53.174213 59.3237 65.736718 39.905274 53.174213 59.3237 65.736718 2
-99 40.377401 -99 57.729181 30.914074 40.377401 47.815222 57.729181 2
36.503869 46.98113 -99 48.23456 36.503869 46.98113 44.695874 48.23456 3
-99 51.719818 -99 -99 50.373995 51.719818 54.589996 55.187984 1
43.745255 41.067913 46.858972 51.241006 43.745255 41.067913 46.858972 51.241006 3
54.261129 -99 53.104962 63.444482 54.261129 51.324333 53.104962 63.444482 1
48.575863 48.696594 52.112487 -99 48.575863 48.696594 52.112487 59.582365 1
44.625503 52.330319 -99 60.984767 44.625503 52.330319 58.710649 60.984767 2
57.632928 -99 -99 68.88522 57.632928 61.651148 62.558026 68.88522 1
-99 -99 49.513442 58.570619 45.4372 45.577551 49.513442 58.570619 2
37.760958 49.006905 53.666271 52.0323 37.760958 49.006905 53.666271 52.0323 3
-99 52.290568 58.22673 63.29955 46.835187 52.290568 58.22673 63.29955 1
-99 55.170596 56.493633 60.222478 48.886123 55.170596 56.493633 60.222478 2
46.717054 52.490041 48.939298 -99 46.717054 52.490041 48.939298 59.008029 2
-99 -99 59.788029 69.158976 44.152162 49.766906 59.788029 69.158976 2
34.179565 -99 49.426745 55.692884 34.179565 38.467489 49.426745 55.692884 2
-99 58.334381 -99 -99 48.735168 58.334381 48.63356 51.459525 1
35.535761 51.061048 -99 72.183968 35.535761 51.061048 51.845782 72.183968 2
52.072258 -99 55.56754 69.805167 52.072258 52.378465 55.56754 69.805167 2
40.654591 -99 43.876802 54.957807 40.654591 42.375768 43.876802 54.957807 2
-99 39.196987 -99 45.070651 39.967166 39.196987 47.909809 45.070651 3
35.600778 -99 -99 37.585716 35.600778 34.323929 40.055248 37.585716 3
-99 44.650814 50.296715 55.025412 36.287031 44.650814 50.296715 55.025412 1
35.706577 38.943955 47.779944 43.406033 35.706577 38.943955 47.779944 43.406033 3
39.379203 43.401688 54.926891 56.570491 39.379203 43.401688 54.926891 56.570491 2
45.700643 -99 55.818097 58.812615 45.700643 51.647165 55.818097 58.812615 1
-99 -99 57.023675 50.229735 49.471288 45.221043 57.023675 50.229735 1
31.236093 -99 40.215271 52.387159 31.236093 37.187424 40.215271 52.387159 3
-99 44.318074 42.212106 -99 38.946455 44.318074 42.212106 40.3322 1
49.128384 50.790445 57.843339 63.679796 49.128384 50.790445 57.843339 63.679796 1
46.03017 -99 49.981459 47.896875 46.03017 50.980701 49.981459 47.896875 2
38.605062 41.337297 38.939881 -99 38.605062 41.337297 38.939881 47.216796 3
45.336826 51.18498 42.077165 -99 45.336826 51.18498 42.077165 47.128375 3
35.780164 40.678475 -99 -99 35.780164 40.678475 47.103395 56.645857 3
48.713596 58.338978 55.770301 57.597517 48.713596 58.338978 55.770301 57.597517 1
42.35247 57.247367 64.884354 66.719673 42.35247 57.247367 64.884354 66.719673 1
33.789518 49.074384 43.466044 58.465791 33.789518 49.074384 43.466044 58.465791 3
38.554391 43.323718 34.539655 -99 38.554391 43.323718 34.539655 39.780926 3
34.134176 37.55957 43.5704 38.413216 34.134176 37.55957 43.5704 38.413216 3
41.237191 42.545349 47.755301 49.511075 41.237191 42.545349 47.755301 49.511075 2
-99 39.943437 45.51358 53.831911 41.9024 39.943437 45.51358 53.831911 3
39.048227 55.785037 52.948888 59.858784 39.048227 55.785037 52.948888 59.858784 2
36.485687 44.607447 -99 46.900545 36.485687 44.607447 48.882583 46.900545 3
-99 43.716352 40.87486 48.914193 42.23804 43.716352 40.87486 48.914193 3
39.179651 53.262925 60.235274 63.617833 39.179651 53.262925 60.235274 63.617833 2
-99 -99 -99 59.703644 47.320417 48.549769 56.128771 59.703644 2
29.541311 34.114678 37.313067 40.564848 29.541311 34.114678 37.313067 40.564848 3
30.829183 38.998641 33.235764 43.054449 30.829183 38.998641 33.235764 43.054449 3
-99 53.33282 59.288096 55.26258 49.891048 53.33282 59.288096 55.26258 1
42.835 -99 -99 49.26965 42.835 44.173766 39.539294 49.26965 2
35.660733 -99 46.879045 55.047407 35.660733 48.896871 46.879045 55.047407 2
55.1335 62.716306 -99 68.094982 55.1335 62.716306 62.868442 68.094982 2
-99 37.847001 44.008582 44.350569 39.520841 37.847001 44.008582 44.350569 3
42.099193 36.488019 51.675742 53.842994 42.099193 36.488019 51.675742 53.842994 3
-99 47.749179 -99 40.592149 35.490262 47.749179 40.17929 40.592149 3
46.351595 -99 55.738424 -99 46.351595 49.656375 55.738424 55.045778 2
49.588359 44.695513 44.668629 -99 49.588359 44.695513 44.668629 45.859682 1
49.700218 50.881522 58.291908 50.570856 49.700218 50.881522 58.291908 50.570856 2
40.938788 40.249939 41.301394 45.857415 40.938788 40.249939 41.301394 45.857415 3
38.17784 45.867675 46.316842 53.250977 38.17784 45.867675 46.316842 53.250977 1
55.875377 52.556566 53.528507 59.348373 55.875377 52.556566 53.528507 59.348373 1
43.465241 48.012716 56.168948 63.656655 43.465241 48.012716 56.168948 63.656655 2
42.026584 50.019165 -99 -99 42.026584 50.019165 53.729949 62.440719 3
49.960614 57.374006 -99 58.415444 49.960614 57.374006 48.322417 58.415444 1
43.071135 42.241141 52.473631 61.166814 43.071135 42.241141 52.473631 61.166814 2
51.366225 43.38278 47.703043 53.541578 51.366225 43.38278 47.703043 53.541578 2
45.857957 54.625081 53.677566 62.398981 45.857957 54.625081 53.677566 62.398981 1
57.826917 56.305787 57.53714 -99 57.826917 56.305787 57.53714 51.621431 1
-99 44.430641 -99 49.304654 41.034396 44.430641 51.513063 49.304654 3
49.219157 -99 -99 -99 49.219157 59.921038 58.314398 56.422634 1
-99 44.901168 39.046125 43.028817 49.70306 44.901168 39.046125 43.028817 1
35.183564 38.246986 41.185419 37.77471 35.183564 38.246986 41.185419 37.77471 3
44.298084 48.590088 54.19766 57.978947 44.298084 48.590088 54.19766 57.978947 1
49.845976 -99 -99 65.159106 49.845976 56.132227 63.451852 65.159106 1
36.625828 41.231135 50.744969 -99 36.625828 41.231135 50.744969 53.578094 2
38.881192 42.888839 53.81756 53.540296 38.881192 42.888839 53.81756 53.540296 2
-99 51.881112 58.137985 52.584962 45.601177 51.881112 58.137985 52.584962 2
-99 38.255046 -99 46.187284 43.626679 38.255046 38.659333 46.187284 3
42.829704 -99 41.628787 -99 42.829704 36.025373 41.628787 48.842385 2
-99 46.659903 55.80117 57.620723 50.703422 46.659903 55.80117 57.620723 2
46.260188 -99 56.697445 56.765172 46.260188 52.596828 56.697445 56.765172 1
-99 60.029491 65.90569 61.79853 53.896327 60.029491 65.90569 61.79853 1
38.579874 35.531777 38.946145 40.119068 38.579874 35.531777 38.946145 40.119068 3
55.793185 54.450891 -99 60.583516 55.793185 54.450891 59.389828 60.583516 2
-99 39.55489 39.479339 49.518086 31.176925 39.55489 39.479339 49.518086 3
39.704887 39.923678 37.138171 37.339224 39.704887 39.923678 37.138171 37.339224 2
29.953514 44.30714 -99 47.607375 29.953514 44.30714 49.955427 47.607375 2
44.8393 47.286051 -99 58.751164 44.8393 47.286051 55.409018 58.751164 2
56.613688 59.154164 60.518816 58.622204 56.613688 59.154164 60.518816 58.622204 1
34.592969 -99 -99 41.544032 34.592969 41.516098 42.369658 41.544032 3
-99 45.059949 49.055755 -99 49.65763 45.059949 49.055755 59.951796 1
56.67647 55.249157 -99 61.372387 56.67647 55.249157 55.268644 61.372387 1
40.059474 41.438914 -99 47.787863 40.059474 41.438914 44.280999 47.787863 3
41.000642 35.824372 48.382348 45.383974 41.000642 35.824372 48.382348 45.383974 1
48.009796 49.656239 45.067549 35.923068 48.009796 49.656239 45.067549 35.923068 1
-99 27.843909 -99 48.501413 37.646555 27.843909 40.587701 48.501413 3
54.817172 -99 58.97008 67.132578 54.817172 48.455468 58.97008 67.132578 3
42.073009 -99 -99 61.201846 42.073009 46.6055 44.514877 61.201846 1
-99 55.060111 65.825569 -99 53.019433 55.060111 65.825569 64.362602 1
-99 54.809226 53.848839 58.713938 44.695369 54.809226 53.848839 58.713938 2
-99 59.055621 64.472725 62.445694 52.643606 59.055621 64.472725 62.445694 1
49.864111 51.848877 68.308464 -99 49.864111 51.848877 68.308464 63.117719 1
44.792373 49.916104 57.864914 61.014694 44.792373 49.916104 57.864914 61.014694 2
50.344118 55.142864 54.26502 58.289736 50.344118 55.142864 54.26502 58.289736 1
28.828234 39.051256 37.883306 37.468017 28.828234 39.051256 37.883306 37.468017 3
-99 38.719821 34.984518 41.98034 33.661661 38.719821 34.984518 41.98034 3
57.583528 55.92188 63.203048 68.686949 57.583528 55.92188 63.203048 68.686949 1
55.034651 57.582193 61.00182 -99 55.034651 57.582193 61.00182 61.693039 1
41.31273 38.753437 49.07787 -99 41.31273 38.753437 49.07787 54.022302 3
37.679537 -99 -99 39.068986 37.679537 42.88642 42.712369 39.068986 3
43.395964 52.135757 45.580054 55.24068 43.395964 52.135757 45.580054 55.24068 1
-99 46.699614 -99 59.36761 51.186979 46.699614 61.85779 59.36761 1
44.543194 38.001149 47.245522 49.825251 44.543194 38.001149 47.245522 49.825251 3
38.419177 43.624117 48.735247 -99 38.419177 43.624117 48.735247 49.435733 2
38.018151 -99 56.947515 62.004634 38.018151 48.143276 56.947515 62.004634 1
43.4798 40.121478 48.530279 -99 43.4798 40.121478 48.530279 50.000265 2
42.098243 36.763024 39.377772 33.411784 42.098243 36.763024 39.377772 33.411784 3
49.923233 -99 50.912998 52.482924 49.923233 53.193766 50.912998 52.482924 1
31.332579 33.58497 35.461074 -99 31.332579 33.58497 35.461074 41.107517 3
-99 31.642043 -99 45.604436 35.951302 31.642043 42.884458 45.604436 2
43.518951 45.35819 50.730997 57.809698 43.518951 45.35819 50.730997 57.809698 1
